ITERATION	avg. EXECUTED	avg. WORST	avg. AVG	avg. BEST
0	-145.99842633311212	-145.99842633311212	-145.99842633311212	-145.99842633311212
1	-118.20368154663262	-131.93914391802264	-125.06419449745636	-118.18924507689049
2	-94.71567478426898	-119.64917551720411	-106.94844039255969	-94.6861900514444
3	-75.51964791459292	-109.10483024947658	-91.65503901496389	-75.46878395010572
4	-58.3597777685587	-98.79342190784429	-77.41971407465803	-58.265487194380135
5	-44.921675932072134	-89.88049805011703	-65.70538446823096	-44.76883933510329
6	-35.18526005365601	-83.18192264077996	-56.890101274108694	-34.982266774532214
7	-26.053580042040114	-75.70420663237132	-48.139720424457124	-25.791371210864188
8	-18.888805938156974	-69.0456603330018	-40.76229344714545	-18.54957227016274
9	-14.23955235645542	-64.10763676844846	-35.63691722443471	-13.829613618763116
10	-11.817879190175786	-60.301098711140675	-32.39359659646128	-11.371471609138009
11	-10.650174175793657	-58.002377129660545	-30.36654433796131	-10.14679105819211
12	-9.991645024338839	-55.577817305564466	-28.65771009076395	-9.429029345060147
13	-9.539439926982986	-53.115564982298736	-27.224120195587783	-8.953619800309681
14	-9.309243209978892	-51.04183634804731	-26.025158295534172	-8.712117629162435
15	-9.164619565217258	-48.506272333775904	-24.70879610230663	-8.528843207213042
16	-9.014409019249745	-46.05308973614336	-23.574605874543835	-8.387580277132265
17	-8.906414772098586	-43.99821136187591	-22.574824141682395	-8.255810861267765
18	-8.842303213850984	-42.094384887708536	-21.71968869274822	-8.185901579267501
19	-8.805845087952134	-40.3829272458235	-20.89936469742236	-8.11641753789121
20	-8.745167537891248	-38.71828776689876	-20.091547184423185	-8.049867864254752
21	-8.698741979201126	-36.95218953977177	-19.29191538633519	-7.993191379024127
22	-8.695508905852316	-35.28628457240831	-18.546728315033096	-7.962061414426251
23	-8.655572449939031	-33.43157097023988	-17.811840358446755	-7.91449849264284
24	-8.632080705830196	-31.78128436497395	-17.12305421875579	-7.869482451045329
25	-8.613335200243313	-30.276890419293974	-16.50481681233185	-7.843946025555786
26	-8.574837509680199	-28.58328707545089	-15.835424935234444	-7.792273965593417
27	-8.578638676844651	-27.148841616882333	-15.274359067881866	-7.770632467640107
28	-8.53512653501488	-25.86596616052668	-14.748490303591899	-7.743606662794427
29	-8.522729145923156	-24.75538942360875	-14.285608612678502	-7.710882771877283
30	-8.551196896780569	-23.838841547737555	-13.917389293386117	-7.7060662822213715
31	-8.449198819006387	-22.872977790684782	-13.469015625576109	-7.646553200021976
32	-8.444897803960522	-21.618648841132988	-13.02481604597668	-7.620043630379291
33	-8.47104049120476	-20.74817319393749	-12.690111392300002	-7.618578451709141
34	-8.491940272707081	-20.082035485120173	-12.424241775223926	-7.607734608363609
35	-8.435353191724626	-19.372958983294797	-12.10847707964555	-7.587413084965054
36	-8.43740575561445	-18.617275071910733	-11.811668971493875	-7.56842384389854
37	-8.41849838201126	-17.87090558966707	-11.498207161328628	-7.539412614780303
38	-8.388868168492053	-17.19488929914827	-11.237593616319876	-7.520222300586263
39	-8.445130268834884	-16.56865036231892	-11.009329260703607	-7.510960214072204
40	-8.37946640944783	-15.989024159199015	-10.762717621786981	-7.488165449717806
41	-8.387984082863108	-15.319109760482375	-10.533732396881987	-7.480749529815175
42	-8.421741688792958	-14.832372220378353	-10.360352534848982	-7.476702691116179
43	-8.410084287531728	-14.360917275140999	-10.178208181214691	-7.4614422917357235
44	-8.388905990706872	-13.903790588007517	-10.013990468386861	-7.4529486807167995
45	-8.395753194490453	-13.569273633698367	-9.886147867343315	-7.434871736364567
46	-8.364374930855046	-13.306629190175897	-9.772245212873687	-7.4245822961610095
47	-8.334306892355276	-13.074988729394864	-9.6667373960522	-7.405562147361352
48	-8.28977023177335	-12.708984746653375	-9.525651171313099	-7.388045206881235
49	-8.278246764022537	-12.413008352693858	-9.415518805085254	-7.376736018917948
50	-8.300480902201452	-12.218615375041496	-9.327810108741696	-7.371892562783382
51	-8.30667980418177	-11.945728440646104	-9.206632912471797	-7.363635841907205
52	-8.339127461555387	-11.485181574289173	-9.069997677886484	-7.361423553490325
53	-8.293178725522658	-11.236712855404368	-8.971013916546767	-7.353222425046884
54	-8.313950658258547	-11.094020632813288	-8.908680532507237	-7.347172322712601
55	-8.267748506471834	-10.90475889202337	-8.824825046326895	-7.337244509901423
56	-8.271937576059234	-10.712570666002826	-8.753279803720853	-7.321878664675196
57	-8.254907484234856	-10.58671382343174	-8.700590940415507	-7.309688226020454
58	-8.253660595751686	-10.451129065715202	-8.647161593741835	-7.307654123796783
59	-8.304837440535447	-10.347592792344232	-8.609112318840422	-7.309607395729531
60	-8.299075118928961	-10.201025486779406	-8.560920738143901	-7.305801319282984
61	-8.21396158313964	-10.094794294169631	-8.498826756508759	-7.281860825312414
62	-8.246111433786837	-9.998536204226093	-8.467362603486652	-7.279407290629366
63	-8.206776053766943	-9.89664917302793	-8.423330671257864	-7.267573431795379
64	-8.262243887598107	-9.856651593096613	-8.408333961398718	-7.263234179665729
65	-8.206702552826565	-9.750978675738496	-8.36348957180909	-7.258421285540298
66	-8.198624433012437	-9.624177660692558	-8.321534951552454	-7.260147140170262
67	-8.246356068149035	-9.582727832171715	-8.30465428743955	-7.258399504922961
68	-8.21033092709359	-9.528635980196912	-8.276375958808053	-7.24304036674399
69	-8.248361475273743	-9.512839708485426	-8.26453839496432	-7.246827013496955
70	-8.276860963602058	-9.480103855514914	-8.252881719723767	-7.245557929527433
71	-8.185282456577019	-9.407749612788967	-8.216957460956115	-7.231988950658116
72	-8.199555329682351	-9.398374197920068	-8.209715814802438	-7.225178047903382
73	-8.22869219493301	-9.40176561289962	-8.210071063585504	-7.230031668326034
74	-8.201191572629602	-9.361410415975183	-8.184599086827385	-7.219662296714086
75	-8.246090552052115	-9.349013372607494	-8.185589885957086	-7.227559810266477
76	-8.190496805509397	-9.299667067706569	-8.159556868154588	-7.212599153667316
77	-8.199103814027968	-9.288232520190252	-8.150046741896162	-7.21461451764562
78	-8.177503595530414	-9.237313378139119	-8.125989790767731	-7.200949980639349
79	-8.210530963048953	-9.221564194047941	-8.125149842580168	-7.208452677287218
80	-8.206251175461805	-9.19274020909384	-8.112326573274968	-7.194712772430488
81	-8.157793658037267	-9.141839805288074	-8.087717616024896	-7.195297322712594
82	-8.245328991038717	-9.185647886934312	-8.101999887063323	-7.19685771379571
83	-8.160163527491939	-9.116148771987971	-8.072968767286127	-7.190325049784149
84	-8.204256209204475	-9.138432002986944	-8.08068090934643	-7.192556560460146
85	-8.21954675572506	-9.14248990485659	-8.078138333425429	-7.191084121584183
86	-8.241720323044557	-9.113487387985328	-8.070146345004938	-7.188807805066893
87	-8.194191351366173	-9.096117034516983	-8.052688229477683	-7.172698169045197
88	-8.162464597853646	-9.05016954309093	-8.03157557989447	-7.170264064055679
89	-8.171584730058544	-9.022651565438606	-8.022740013183457	-7.172249488328282
90	-8.229345613452715	-9.027428020245523	-8.02819540094764	-7.1738860769996355
91	-8.170439899325032	-8.990737775196255	-8.006983251972825	-7.161260855736166
92	-8.159371957627942	-8.965491481358487	-7.998047603901554	-7.1626160941474994
93	-8.132067499170189	-8.939515018254166	-7.983072835997668	-7.152742006859079
94	-8.12635150459115	-8.915533590551965	-7.9713662381991774	-7.148089597853659
95	-8.162147292288957	-8.939800171479076	-7.97663199054089	-7.145534282000159
96	-8.114701916694287	-8.900943826750702	-7.9595874532119755	-7.140646296603497
97	-8.142970530478967	-8.907484995574631	-7.958971355607099	-7.1390332171699376
98	-8.145042040048544	-8.885196371279909	-7.948853480980521	-7.131669985617795
99	-8.143716948777472	-8.871292731496762	-7.946795345170885	-7.136819545856781
100	-8.149323210532108	-8.87385274919785	-7.944350528496852	-7.133298207766281
