time	time	departures_all	arrivals_all	stuck_all	en-route_all	departures_car	arrivals_car	stuck_car	en-route_car
00:00:00	0	0	0	0	0	0	0	0	0
00:05:00	300	0	0	0	0	0	0	0	0
00:10:00	600	0	0	0	0	0	0	0	0
00:15:00	900	0	0	0	0	0	0	0	0
00:20:00	1200	0	0	0	0	0	0	0	0
00:25:00	1500	0	0	0	0	0	0	0	0
00:30:00	1800	0	0	0	0	0	0	0	0
00:35:00	2100	0	0	0	0	0	0	0	0
00:40:00	2400	0	0	0	0	0	0	0	0
00:45:00	2700	0	0	0	0	0	0	0	0
00:50:00	3000	0	0	0	0	0	0	0	0
00:55:00	3300	0	0	0	0	0	0	0	0
01:00:00	3600	0	0	0	0	0	0	0	0
01:05:00	3900	0	0	0	0	0	0	0	0
01:10:00	4200	0	0	0	0	0	0	0	0
01:15:00	4500	0	0	0	0	0	0	0	0
01:20:00	4800	0	0	0	0	0	0	0	0
01:25:00	5100	0	0	0	0	0	0	0	0
01:30:00	5400	0	0	0	0	0	0	0	0
01:35:00	5700	0	0	0	0	0	0	0	0
01:40:00	6000	0	0	0	0	0	0	0	0
01:45:00	6300	0	0	0	0	0	0	0	0
01:50:00	6600	0	0	0	0	0	0	0	0
01:55:00	6900	0	0	0	0	0	0	0	0
02:00:00	7200	0	0	0	0	0	0	0	0
02:05:00	7500	0	0	0	0	0	0	0	0
02:10:00	7800	0	0	0	0	0	0	0	0
02:15:00	8100	0	0	0	0	0	0	0	0
02:20:00	8400	0	0	0	0	0	0	0	0
02:25:00	8700	0	0	0	0	0	0	0	0
02:30:00	9000	0	0	0	0	0	0	0	0
02:35:00	9300	0	0	0	0	0	0	0	0
02:40:00	9600	0	0	0	0	0	0	0	0
02:45:00	9900	0	0	0	0	0	0	0	0
02:50:00	10200	0	0	0	0	0	0	0	0
02:55:00	10500	0	0	0	0	0	0	0	0
03:00:00	10800	0	0	0	0	0	0	0	0
03:05:00	11100	0	0	0	0	0	0	0	0
03:10:00	11400	0	0	0	0	0	0	0	0
03:15:00	11700	0	0	0	0	0	0	0	0
03:20:00	12000	0	0	0	0	0	0	0	0
03:25:00	12300	0	0	0	0	0	0	0	0
03:30:00	12600	8	0	0	8	8	0	0	8
03:35:00	12900	1	1	0	8	1	1	0	8
03:40:00	13200	7	4	0	11	7	4	0	11
03:45:00	13500	8	3	0	16	8	3	0	16
03:50:00	13800	5	5	0	16	5	5	0	16
03:55:00	14100	11	6	0	21	11	6	0	21
04:00:00	14400	23	10	0	34	23	10	0	34
04:05:00	14700	15	12	0	37	15	12	0	37
04:10:00	15000	26	15	0	48	26	15	0	48
04:15:00	15300	26	13	0	61	26	13	0	61
04:20:00	15600	24	24	0	61	24	24	0	61
04:25:00	15900	20	17	0	64	20	17	0	64
04:30:00	16200	38	26	0	76	38	26	0	76
04:35:00	16500	34	32	0	78	34	32	0	78
04:40:00	16800	27	25	0	80	27	25	0	80
04:45:00	17100	37	23	0	94	37	23	0	94
04:50:00	17400	37	25	0	106	37	25	0	106
04:55:00	17700	31	29	0	108	31	29	0	108
05:00:00	18000	49	43	0	114	49	43	0	114
05:05:00	18300	35	31	0	118	35	31	0	118
05:10:00	18600	48	41	0	125	48	41	0	125
05:15:00	18900	39	40	0	124	39	40	0	124
05:20:00	19200	57	41	0	140	57	41	0	140
05:25:00	19500	63	34	0	169	63	34	0	169
05:30:00	19800	67	49	0	187	67	49	0	187
05:35:00	20100	67	42	0	212	67	42	0	212
05:40:00	20400	59	53	0	218	59	53	0	218
05:45:00	20700	90	78	0	230	90	78	0	230
05:50:00	21000	100	61	0	269	100	61	0	269
05:55:00	21300	100	67	0	302	100	67	0	302
06:00:00	21600	90	65	0	327	90	65	0	327
06:05:00	21900	96	84	0	339	96	84	0	339
06:10:00	22200	91	77	0	353	91	77	0	353
06:15:00	22500	146	102	0	397	146	102	0	397
06:20:00	22800	149	86	0	460	149	86	0	460
06:25:00	23100	162	108	0	514	162	108	0	514
06:30:00	23400	186	126	0	574	186	126	0	574
06:35:00	23700	192	104	0	662	192	104	0	662
06:40:00	24000	231	141	0	752	231	141	0	752
06:45:00	24300	257	163	0	846	257	163	0	846
06:50:00	24600	303	169	0	980	303	169	0	980
06:55:00	24900	318	177	0	1121	318	177	0	1121
07:00:00	25200	387	187	0	1321	387	187	0	1321
07:05:00	25500	412	209	0	1524	412	209	0	1524
07:10:00	25800	395	214	0	1705	395	214	0	1705
07:15:00	26100	502	225	0	1982	502	225	0	1982
07:20:00	26400	488	258	0	2212	488	258	0	2212
07:25:00	26700	524	288	0	2448	524	288	0	2448
07:30:00	27000	581	310	0	2719	581	310	0	2719
07:35:00	27300	560	294	0	2985	560	294	0	2985
07:40:00	27600	609	311	0	3283	609	311	0	3283
07:45:00	27900	577	316	0	3544	577	316	0	3544
07:50:00	28200	565	338	0	3771	565	338	0	3771
07:55:00	28500	586	334	0	4023	586	334	0	4023
08:00:00	28800	557	375	0	4205	557	375	0	4205
08:05:00	29100	565	350	0	4420	565	350	0	4420
08:10:00	29400	566	370	0	4616	566	370	0	4616
08:15:00	29700	567	391	0	4792	567	391	0	4792
08:20:00	30000	553	417	0	4928	553	417	0	4928
08:25:00	30300	559	396	0	5091	559	396	0	5091
08:30:00	30600	565	397	0	5259	565	397	0	5259
08:35:00	30900	517	400	0	5376	517	400	0	5376
08:40:00	31200	460	381	0	5455	460	381	0	5455
08:45:00	31500	460	341	0	5574	460	341	0	5574
08:50:00	31800	442	383	0	5633	442	383	0	5633
08:55:00	32100	420	373	0	5680	420	373	0	5680
09:00:00	32400	404	354	0	5730	404	354	0	5730
09:05:00	32700	394	336	0	5788	394	336	0	5788
09:10:00	33000	369	344	0	5813	369	344	0	5813
09:15:00	33300	355	327	0	5841	355	327	0	5841
09:20:00	33600	320	325	0	5836	320	325	0	5836
09:25:00	33900	290	340	0	5786	290	340	0	5786
09:30:00	34200	282	296	0	5772	282	296	0	5772
09:35:00	34500	329	323	0	5778	329	323	0	5778
09:40:00	34800	297	323	0	5752	297	323	0	5752
09:45:00	35100	278	322	0	5708	278	322	0	5708
09:50:00	35400	298	327	0	5679	298	327	0	5679
09:55:00	35700	276	339	0	5616	276	339	0	5616
10:00:00	36000	285	287	0	5614	285	287	0	5614
10:05:00	36300	289	321	0	5582	289	321	0	5582
10:10:00	36600	298	310	0	5570	298	310	0	5570
10:15:00	36900	277	303	0	5544	277	303	0	5544
10:20:00	37200	299	321	0	5522	299	321	0	5522
10:25:00	37500	308	290	0	5540	308	290	0	5540
10:30:00	37800	273	305	0	5508	273	305	0	5508
10:35:00	38100	286	327	0	5467	286	327	0	5467
10:40:00	38400	283	293	0	5457	283	293	0	5457
10:45:00	38700	294	275	0	5476	294	275	0	5476
10:50:00	39000	296	299	0	5473	296	299	0	5473
10:55:00	39300	280	302	0	5451	280	302	0	5451
11:00:00	39600	324	289	0	5486	324	289	0	5486
11:05:00	39900	320	305	0	5501	320	305	0	5501
11:10:00	40200	296	298	0	5499	296	298	0	5499
11:15:00	40500	345	324	0	5520	345	324	0	5520
11:20:00	40800	337	293	0	5564	337	293	0	5564
11:25:00	41100	356	325	0	5595	356	325	0	5595
11:30:00	41400	367	317	0	5645	367	317	0	5645
11:35:00	41700	434	312	0	5767	434	312	0	5767
11:40:00	42000	437	335	0	5869	437	335	0	5869
11:45:00	42300	467	343	0	5993	467	343	0	5993
11:50:00	42600	476	364	0	6105	476	364	0	6105
11:55:00	42900	452	361	0	6196	452	361	0	6196
12:00:00	43200	420	331	0	6285	420	331	0	6285
12:05:00	43500	455	326	0	6414	455	326	0	6414
12:10:00	43800	437	354	0	6497	437	354	0	6497
12:15:00	44100	431	347	0	6581	431	347	0	6581
12:20:00	44400	385	336	0	6630	385	336	0	6630
12:25:00	44700	388	313	0	6705	388	313	0	6705
12:30:00	45000	341	286	0	6760	341	286	0	6760
12:35:00	45300	343	314	0	6789	343	314	0	6789
12:40:00	45600	313	330	0	6772	313	330	0	6772
12:45:00	45900	361	336	0	6797	361	336	0	6797
12:50:00	46200	372	329	0	6840	372	329	0	6840
12:55:00	46500	365	336	0	6869	365	336	0	6869
13:00:00	46800	400	364	0	6905	400	364	0	6905
13:05:00	47100	391	365	0	6931	391	365	0	6931
13:10:00	47400	366	334	0	6963	366	334	0	6963
13:15:00	47700	407	394	0	6976	407	394	0	6976
13:20:00	48000	411	372	0	7015	411	372	0	7015
13:25:00	48300	438	393	0	7060	438	393	0	7060
13:30:00	48600	470	369	0	7161	470	369	0	7161
13:35:00	48900	437	361	0	7237	437	361	0	7237
13:40:00	49200	388	385	0	7240	388	385	0	7240
13:45:00	49500	432	343	0	7329	432	343	0	7329
13:50:00	49800	469	372	0	7426	469	372	0	7426
13:55:00	50100	401	368	0	7459	401	368	0	7459
14:00:00	50400	400	364	0	7495	400	364	0	7495
14:05:00	50700	416	357	0	7554	416	357	0	7554
14:10:00	51000	397	330	0	7621	397	330	0	7621
14:15:00	51300	348	325	0	7644	348	325	0	7644
14:20:00	51600	378	379	0	7643	378	379	0	7643
14:25:00	51900	333	304	0	7672	333	304	0	7672
14:30:00	52200	335	341	0	7666	335	341	0	7666
14:35:00	52500	314	332	0	7648	314	332	0	7648
14:40:00	52800	320	322	0	7646	320	322	0	7646
14:45:00	53100	335	337	0	7644	335	337	0	7644
14:50:00	53400	300	345	0	7599	300	345	0	7599
14:55:00	53700	333	325	0	7607	333	325	0	7607
15:00:00	54000	320	357	0	7570	320	357	0	7570
15:05:00	54300	374	349	0	7595	374	349	0	7595
15:10:00	54600	335	325	0	7605	335	325	0	7605
15:15:00	54900	337	345	0	7597	337	345	0	7597
15:20:00	55200	340	338	0	7599	340	338	0	7599
15:25:00	55500	312	331	0	7580	312	331	0	7580
15:30:00	55800	384	367	0	7597	384	367	0	7597
15:35:00	56100	368	326	0	7639	368	326	0	7639
15:40:00	56400	362	313	0	7688	362	313	0	7688
15:45:00	56700	370	334	0	7724	370	334	0	7724
15:50:00	57000	375	332	0	7767	375	332	0	7767
15:55:00	57300	417	364	0	7820	417	364	0	7820
16:00:00	57600	425	350	0	7895	425	350	0	7895
16:05:00	57900	469	366	0	7998	469	366	0	7998
16:10:00	58200	465	379	0	8084	465	379	0	8084
16:15:00	58500	446	338	0	8192	446	338	0	8192
16:20:00	58800	494	394	0	8292	494	394	0	8292
16:25:00	59100	479	389	0	8382	479	389	0	8382
16:30:00	59400	486	380	0	8488	486	380	0	8488
16:35:00	59700	526	410	0	8604	526	410	0	8604
16:40:00	60000	553	399	0	8758	553	399	0	8758
16:45:00	60300	561	422	0	8897	561	422	0	8897
16:50:00	60600	538	368	0	9067	538	368	0	9067
16:55:00	60900	525	412	0	9180	525	412	0	9180
17:00:00	61200	535	381	0	9334	535	381	0	9334
17:05:00	61500	527	385	0	9476	527	385	0	9476
17:10:00	61800	552	375	0	9653	552	375	0	9653
17:15:00	62100	508	395	0	9766	508	395	0	9766
17:20:00	62400	535	377	0	9924	535	377	0	9924
17:25:00	62700	555	398	0	10081	555	398	0	10081
17:30:00	63000	531	388	0	10224	531	388	0	10224
17:35:00	63300	540	424	0	10340	540	424	0	10340
17:40:00	63600	510	364	0	10486	510	364	0	10486
17:45:00	63900	469	341	0	10614	469	341	0	10614
17:50:00	64200	471	354	0	10731	471	354	0	10731
17:55:00	64500	505	389	0	10847	505	389	0	10847
18:00:00	64800	520	412	0	10955	520	412	0	10955
18:05:00	65100	449	378	0	11026	449	378	0	11026
18:10:00	65400	462	378	0	11110	462	378	0	11110
18:15:00	65700	436	358	0	11188	436	358	0	11188
18:20:00	66000	454	388	0	11254	454	388	0	11254
18:25:00	66300	431	354	0	11331	431	354	0	11331
18:30:00	66600	425	384	0	11372	425	384	0	11372
18:35:00	66900	412	391	0	11393	412	391	0	11393
18:40:00	67200	416	372	0	11437	416	372	0	11437
18:45:00	67500	395	386	0	11446	395	386	0	11446
18:50:00	67800	399	409	0	11436	399	409	0	11436
18:55:00	68100	393	400	0	11429	393	400	0	11429
19:00:00	68400	372	359	0	11442	372	359	0	11442
19:05:00	68700	370	410	0	11402	370	410	0	11402
19:10:00	69000	367	379	0	11390	367	379	0	11390
19:15:00	69300	346	371	0	11365	346	371	0	11365
19:20:00	69600	337	379	0	11323	337	379	0	11323
19:25:00	69900	340	363	0	11300	340	363	0	11300
19:30:00	70200	310	364	0	11246	310	364	0	11246
19:35:00	70500	281	367	0	11160	281	367	0	11160
19:40:00	70800	250	351	0	11059	250	351	0	11059
19:45:00	71100	294	351	0	11002	294	351	0	11002
19:50:00	71400	258	334	0	10926	258	334	0	10926
19:55:00	71700	283	393	0	10816	283	393	0	10816
20:00:00	72000	274	340	0	10750	274	340	0	10750
20:05:00	72300	260	348	0	10662	260	348	0	10662
20:10:00	72600	244	355	0	10551	244	355	0	10551
20:15:00	72900	223	308	0	10466	223	308	0	10466
20:20:00	73200	243	315	0	10394	243	315	0	10394
20:25:00	73500	232	363	0	10263	232	363	0	10263
20:30:00	73800	183	285	0	10161	183	285	0	10161
20:35:00	74100	177	288	0	10050	177	288	0	10050
20:40:00	74400	196	315	0	9931	196	315	0	9931
20:45:00	74700	172	300	0	9803	172	300	0	9803
20:50:00	75000	180	299	0	9684	180	299	0	9684
20:55:00	75300	174	287	0	9571	174	287	0	9571
21:00:00	75600	163	285	0	9449	163	285	0	9449
21:05:00	75900	138	244	0	9343	138	244	0	9343
21:10:00	76200	162	263	0	9242	162	263	0	9242
21:15:00	76500	180	254	0	9168	180	254	0	9168
21:20:00	76800	151	237	0	9082	151	237	0	9082
21:25:00	77100	144	247	0	8979	144	247	0	8979
21:30:00	77400	129	243	0	8865	129	243	0	8865
21:35:00	77700	140	232	0	8773	140	232	0	8773
21:40:00	78000	144	235	0	8682	144	235	0	8682
21:45:00	78300	144	217	0	8609	144	217	0	8609
21:50:00	78600	123	201	0	8531	123	201	0	8531
21:55:00	78900	128	218	0	8441	128	218	0	8441
22:00:00	79200	131	191	0	8381	131	191	0	8381
22:05:00	79500	119	213	0	8287	119	213	0	8287
22:10:00	79800	111	176	0	8222	111	176	0	8222
22:15:00	80100	126	181	0	8167	126	181	0	8167
22:20:00	80400	126	167	0	8126	126	167	0	8126
22:25:00	80700	120	195	0	8051	120	195	0	8051
22:30:00	81000	103	162	0	7992	103	162	0	7992
22:35:00	81300	130	178	0	7944	130	178	0	7944
22:40:00	81600	127	198	0	7873	127	198	0	7873
22:45:00	81900	108	153	0	7828	108	153	0	7828
22:50:00	82200	94	162	0	7760	94	162	0	7760
22:55:00	82500	104	155	0	7709	104	155	0	7709
23:00:00	82800	98	162	0	7645	98	162	0	7645
23:05:00	83100	102	163	0	7584	102	163	0	7584
23:10:00	83400	97	146	0	7535	97	146	0	7535
23:15:00	83700	79	141	0	7473	79	141	0	7473
23:20:00	84000	113	145	0	7441	113	145	0	7441
23:25:00	84300	104	146	0	7399	104	146	0	7399
23:30:00	84600	92	148	0	7343	92	148	0	7343
23:35:00	84900	74	146	0	7271	74	146	0	7271
23:40:00	85200	99	162	0	7208	99	162	0	7208
23:45:00	85500	84	129	0	7163	84	129	0	7163
23:50:00	85800	88	157	0	7094	88	157	0	7094
23:55:00	86100	77	113	0	7058	77	113	0	7058
24:00:00	86400	70	132	0	6996	70	132	0	6996
24:05:00	86700	76	131	0	6941	76	131	0	6941
24:10:00	87000	58	101	0	6898	58	101	0	6898
24:15:00	87300	61	110	0	6849	61	110	0	6849
24:20:00	87600	67	118	0	6798	67	118	0	6798
24:25:00	87900	57	100	0	6755	57	100	0	6755
24:30:00	88200	61	91	0	6725	61	91	0	6725
24:35:00	88500	55	95	0	6685	55	95	0	6685
24:40:00	88800	43	87	0	6641	43	87	0	6641
24:45:00	89100	48	87	0	6602	48	87	0	6602
24:50:00	89400	57	100	0	6559	57	100	0	6559
24:55:00	89700	54	83	0	6530	54	83	0	6530
25:00:00	90000	58	99	0	6489	58	99	0	6489
25:05:00	90300	60	92	0	6457	60	92	0	6457
25:10:00	90600	47	79	0	6425	47	79	0	6425
25:15:00	90900	56	94	0	6387	56	94	0	6387
25:20:00	91200	51	75	0	6363	51	75	0	6363
25:25:00	91500	58	92	0	6329	58	92	0	6329
25:30:00	91800	69	107	0	6291	69	107	0	6291
25:35:00	92100	50	80	0	6261	50	80	0	6261
25:40:00	92400	56	85	0	6232	56	85	0	6232
25:45:00	92700	57	90	0	6199	57	90	0	6199
25:50:00	93000	39	69	0	6169	39	69	0	6169
25:55:00	93300	64	83	0	6150	64	83	0	6150
26:00:00	93600	38	66	0	6122	38	66	0	6122
26:05:00	93900	49	77	0	6094	49	77	0	6094
26:10:00	94200	49	76	0	6067	49	76	0	6067
26:15:00	94500	61	90	0	6038	61	90	0	6038
26:20:00	94800	50	73	0	6015	50	73	0	6015
26:25:00	95100	55	77	0	5993	55	77	0	5993
26:30:00	95400	54	79	0	5968	54	79	0	5968
26:35:00	95700	41	65	0	5944	41	65	0	5944
26:40:00	96000	40	62	0	5922	40	62	0	5922
26:45:00	96300	43	86	0	5879	43	86	0	5879
26:50:00	96600	46	68	0	5857	46	68	0	5857
26:55:00	96900	44	71	0	5830	44	71	0	5830
27:00:00	97200	41	54	0	5817	41	54	0	5817
27:05:00	97500	47	80	0	5784	47	80	0	5784
27:10:00	97800	40	65	0	5759	40	65	0	5759
27:15:00	98100	42	73	0	5728	42	73	0	5728
27:20:00	98400	49	73	0	5704	49	73	0	5704
27:25:00	98700	42	79	0	5667	42	79	0	5667
27:30:00	99000	38	60	0	5645	38	60	0	5645
27:35:00	99300	41	72	0	5614	41	72	0	5614
27:40:00	99600	29	54	0	5589	29	54	0	5589
27:45:00	99900	53	81	0	5561	53	81	0	5561
27:50:00	100200	34	64	0	5531	34	64	0	5531
27:55:00	100500	39	56	0	5514	39	56	0	5514
28:00:00	100800	38	69	0	5483	38	69	0	5483
28:05:00	101100	47	66	0	5464	47	66	0	5464
28:10:00	101400	53	87	0	5430	53	87	0	5430
28:15:00	101700	33	62	0	5401	33	62	0	5401
28:20:00	102000	36	57	0	5380	36	57	0	5380
28:25:00	102300	28	52	0	5356	28	52	0	5356
28:30:00	102600	31	54	0	5333	31	54	0	5333
28:35:00	102900	44	65	0	5312	44	65	0	5312
28:40:00	103200	28	57	0	5283	28	57	0	5283
28:45:00	103500	24	42	0	5265	24	42	0	5265
28:50:00	103800	40	66	0	5239	40	66	0	5239
28:55:00	104100	36	61	0	5214	36	61	0	5214
29:00:00	104400	32	53	0	5193	32	53	0	5193
29:05:00	104700	33	52	0	5174	33	52	0	5174
29:10:00	105000	33	61	0	5146	33	61	0	5146
29:15:00	105300	47	70	0	5123	47	70	0	5123
29:20:00	105600	34	54	0	5103	34	54	0	5103
29:25:00	105900	36	62	0	5077	36	62	0	5077
29:30:00	106200	40	59	0	5058	40	59	0	5058
29:35:00	106500	37	57	0	5038	37	57	0	5038
29:40:00	106800	36	60	0	5014	36	60	0	5014
29:45:00	107100	32	62	0	4984	32	62	0	4984
29:50:00	107400	34	59	0	4959	34	59	0	4959
29:55:00	107700	45	75	0	4929	45	75	0	4929
30:00:00	108000	0	1	4928	0	0	1	4928	0
30:05:00	108300	0	0	0	0	0	0	0	0
